312.48709585093775
217.83022885718242
81.95727514660473
6.333100027484296
5.949662761610739
5.930629347512792
5.091794615152553
2.9450868765694693
1.5985485158138388
1.1995864656980952
0.7388811215107509
0.1658130930307884
1.141391694048366e-06
2.7259456913952818e-09
7.491394171665888e-10
6.041851463578496e-10
5.470486286185405e-10
5.520330859098976e-10
5.437641448224895e-10
5.43442624234558e-10
5.432543304095816e-10
5.461906482651102e-10
5.432685412642968e-10
5.432685412642968e-10
5.432685412642968e-10
5.432685412642968e-10
5.432685412642968e-10
5.432685412642968e-10
5.432685412642968e-10
5.418261395107038e-10
5.418261395107038e-10
5.418261395107038e-10
5.418261395107038e-10
5.418261395107038e-10
5.418261395107038e-10
5.418261395107038e-10
5.418261395107038e-10
5.418261395107038e-10
5.418261395107038e-10
5.420588422566652e-10
5.420588422566652e-10
5.420588422566652e-10
5.420588422566652e-10
5.420588422566652e-10
5.420588422566652e-10
5.420588422566652e-10
5.420588422566652e-10
5.420588422566652e-10
5.420588422566652e-10
5.480380593780865e-10
5.480380593780865e-10
5.480380593780865e-10
5.480380593780865e-10
5.480380593780865e-10
5.480380593780865e-10
5.480380593780865e-10
5.480380593780865e-10
5.480380593780865e-10
5.495248700526645e-10
5.495248700526645e-10
5.495248700526645e-10
