312.48709585093775
302.11266851714345
289.10022738689804
266.5447880052702
224.36129822500925
151.16830823166265
49.43443513164084
5.942635451263641
3.6904557043549175
1.206806279595412
0.12646420056466923
0.021914235187068698
0.0036507462957615644
0.0004756987423206738
6.352254263219947e-05
8.2774161000998e-06
1.1052441095671384e-06
1.440259893570328e-07
1.9229901226935908e-08
2.5065673980861902e-09
3.3514879760332406e-10
4.411049303598702e-11
6.366462912410498e-12
6.821210263296962e-13
