13.993025767183752
11.572146055065597
6.876547923954382
0.3059261176089873
0.19290534561606118
0.16877655900913846
0.2186641775874725
0.365755908783933
0.5149234730427834
0.071431568705649
0.3370015835523637
0.1402958094713956
9.872138218370396e-05
1.8657039627923269e-06
6.27690602150558e-07
4.86379764533467e-07
4.315060093524035e-07
3.116673391188114e-07
4.3054979874160525e-07
3.108526671348369e-07
2.7741514319951725e-07
2.750803527341775e-07
2.750803390979502e-07
2.750803390979502e-07
2.750803390979502e-07
2.750803390979502e-07
2.750803390979502e-07
2.750803390979502e-07
2.750803390979502e-07
2.750803390979502e-07
2.750803390979502e-07
2.750803390979502e-07
2.750803390979502e-07
2.750803390979502e-07
2.750803390979502e-07
2.750803390979502e-07
2.750803390979502e-07
2.750803390979502e-07
2.750803390979502e-07
2.750803390979502e-07
2.750803390979502e-07
2.750803390979502e-07
2.750803390979502e-07
2.750803390979502e-07
2.750803390979502e-07
2.750803390979502e-07
2.750803390979502e-07
2.750803390979502e-07
2.750803390979502e-07
2.750803390979502e-07
2.750803390979502e-07
2.750803390979502e-07
2.750803390979502e-07
2.750803390979502e-07
2.750803390979502e-07
2.750803390979502e-07
2.750803390979502e-07
2.750803390979502e-07
2.750803390979502e-07
2.750803390979502e-07
2.750803390979502e-07
