13.993025767183752
13.708664393384039
13.394499565467083
12.848462662515066
11.75989619186602
9.583110877405359
5.230636422095847
0.1908953069625017
0.22183845567304927
0.04651240495014314
0.2869067167147787
0.07571665541906167
0.045477506745248995
0.007067453636047895
0.005998854690721282
0.0009322596556892726
0.0007912832766432241
0.00012297098788813476
0.00010437294237772448
1.6220376935753264e-05
1.3766909962140239e-05
2.1394957594799936e-06
1.8158416709085203e-06
2.821978496065334e-07
