118.52607615380143
115.64573147207638
110.1251754885618
99.05723604075874
97.85854139226565
97.82044440283488
93.17402943866468
78.58194714483137
62.07515250472489
61.533147893961676
45.28534432331798
22.792360412999425
0.06170321125499217
0.002815551285202841
0.0009376635069417817
0.0005833230401498164
0.00041902120769727593
0.0004179134684608676
0.00041588699402240727
0.00041556607678921813
0.00041534100390751657
0.00041531290260557165
0.0004153129023909784
0.0004153129023909784
0.0004153129023909784
0.0004153129023909784
0.0004153129023909784
0.0004153129023909784
0.0004153129023909784
0.0004153129023909784
0.0004153129023909784
0.0004153129023909784
0.0004153129023909784
0.0004153129023909784
0.0004153129023909784
0.0004153129023909784
0.0004153129023909784
0.0004153129023909784
0.0004153129023909784
0.0004153129023909784
0.0004153129023909784
0.0004153129023909784
0.0004153129023909784
0.0004153129023909784
0.0004153129023909784
0.0004153129023909784
0.0004153129023909784
0.0004153129023909784
0.0004153129023909784
0.0004153129023909784
0.0004153129023909784
0.0004153129023909784
0.0004153129023909784
0.0004153129023909784
0.0004153129023909784
0.0004153129023909784
0.0004153129023909784
0.0004153129023909784
0.0004153129023909784
0.0004153129023909784
0.0004153129023909784
