118.52607615380143
118.34166454357533
117.97937184208712
116.91737645927739
114.84557139299261
110.99983466280695
104.6540173007235
99.75278837886809
86.13960988678338
61.16277745301854
2.0748648460650014
1.2690055444490482
1.267265496214771
1.0634354579587346
0.16744190375612455
0.14051275598949964
0.02212279578324841
0.018565198267277015
0.0029227829117760736
0.0024528100554029545
0.00038613141086026146
0.00032404878999934704
5.101011834123447e-05
4.2809508895021795e-05
