10.71617603302002
16.735798835754395
23.37517786026001
30.253021717071533
37.711440324783325
45.317763328552246
53.49666166305542
61.99526381492615
70.93900299072266
80.16361403465271
89.65136933326721
114.14252805709839
143.32345843315125
166.55593276023865
188.5233199596405
206.70621061325073
225.8167486190796
239.03859114646912
253.3372142314911
268.05316710472107
282.8622660636902
297.7511444091797
312.9815900325775
325.78781747817993
338.75981163978577
351.75537300109863
364.8860282897949
377.8564262390137
390.68635725975037
405.0465235710144
418.0532476902008
431.1716260910034
444.4217848777771
457.2158365249634
470.01731610298157
483.27763295173645
496.0920081138611
509.3253524303436
522.2565081119537
537.0192313194275
550.0335729122162
563.0734305381775
576.2400727272034
589.5177178382874
602.8585166931152
616.1794159412384
629.2689955234528
642.5145361423492
655.6183569431305
670.2109549045563
683.5672657489777
696.9863770008087
710.5675053596497
723.9172539710999
737.1930212974548
750.5138828754425
764.0738599300385
777.45818567276
792.2834305763245
805.8073692321777
819.5749659538269
