36.152912805229334
15.923320702921842
2.1759862778794314
1.4066972645786553
1.2399364027210318
0.9827429228104627
0.9735786882968505
0.6281348366073569
0.5869622121882543
0.5804710076939266
0.32417964875405403
0.19535553683887485
0.02232108263431165
0.004471446796719292
1.3015415998296476e-06
8.459004163796635e-09
6.610072489365848e-10
6.589484513597199e-10
6.551523767939216e-10
5.248743661923072e-10
5.245333056791424e-10
5.247677847819432e-10
5.247677847819432e-10
5.247660084251038e-10
5.229523480920761e-10
5.229523480920761e-10
5.229523480920761e-10
5.229523480920761e-10
5.229523480920761e-10
5.229523480920761e-10
5.229523480920761e-10
5.229523480920761e-10
5.239115807853523e-10
5.239115807853523e-10
5.239115807853523e-10
5.239115807853523e-10
5.239115807853523e-10
5.239115807853523e-10
5.239115807853523e-10
5.239115807853523e-10
5.200817554396053e-10
5.200817554396053e-10
5.200817554396053e-10
5.200817554396053e-10
5.200817554396053e-10
5.200817554396053e-10
5.200817554396053e-10
5.200817554396053e-10
5.200817554396053e-10
5.200817554396053e-10
5.198454999799651e-10
5.196945096486161e-10
5.196945096486161e-10
5.196945096486161e-10
5.196945096486161e-10
5.196945096486161e-10
5.196945096486161e-10
5.275104797419772e-10
5.275104797419772e-10
5.275104797419772e-10
5.275104797419772e-10
