4.833926413764481
3.123063797608154
0.708431578558242
0.09443629868061962
0.07664348455107309
0.12830693094805776
0.11504521104788515
0.17279636375648294
0.042811555798284426
0.03610084361643717
0.11580199835670048
0.021038433176099703
0.021084378173380262
0.005577609454505613
1.7012987018837876e-05
2.9022510173375564e-06
1.0116692956771786e-06
1.0378911141821242e-06
9.542263987829388e-07
2.2248472668452042e-07
8.528992194168279e-07
8.528909903442627e-07
8.528909903442627e-07
8.528909874041649e-07
8.528909680317949e-07
8.528909680317949e-07
8.528909680317949e-07
8.528909680317949e-07
8.528909680317949e-07
8.528909680317949e-07
8.528909680317949e-07
8.528909680317949e-07
8.528909680317949e-07
8.528909680317949e-07
8.528909680317949e-07
8.528909680317949e-07
8.528909680317949e-07
8.528909680317949e-07
8.528909680317949e-07
8.528909680317949e-07
8.528909680317949e-07
8.528909680317949e-07
8.528909680317949e-07
8.528909680317949e-07
8.528909680317949e-07
8.528909680317949e-07
8.528909680317949e-07
8.528909680317949e-07
8.528909680317949e-07
8.528909680317949e-07
8.528909680317949e-07
8.528908958906097e-07
8.528908958906097e-07
8.528908958906097e-07
8.528908958906097e-07
8.528908958906097e-07
8.528908958906097e-07
8.528908958906097e-07
8.528908958906097e-07
8.528908958906097e-07
8.528908958906097e-07
