53.83871518341407
52.64038837264956
51.68900225000687
51.41066533044121
49.26963819528149
45.11442638526203
45.11296846624207
38.018811773940904
37.9179163271204
37.78038935434613
29.28282059900363
24.001072053989667
8.88082364472797
3.523579447619405
0.0327998456762408
0.005561711550489889
0.00047063341927382955
0.00046588148373198374
0.00046186351055298007
0.0002541232550392251
0.0002443018038711359
0.00024430179783639514
0.00024430179783554556
0.00024430179783469587
0.00024430179781357024
0.00024430179781357024
0.00024430179781357024
0.00024430179781357024
0.00024430179781357024
0.00024430179781357024
0.00024430179781357024
0.00024430179781357024
0.00024430179781357024
0.0002443017978127206
0.0002443017978127206
0.0002443017978127206
0.0002443017978127206
0.0002443017978127206
0.0002443017978127206
0.0002443017978127206
0.0002443017978127206
0.0002443017978127206
0.0002443017978127206
0.0002443017978127206
0.0002443017978127206
0.0002443017978127206
0.0002443017978127206
0.0002443017978127206
0.0002443017978127206
0.0002443017978127206
0.0002443017978127206
0.00024430179776700956
0.00024430179776700956
0.00024430179776700956
0.00024430179776700956
0.00024430179776700956
0.00024430179776700956
0.00024430179776700956
0.00024430179776700956
0.00024430179776700956
0.00024430179776700956
