11.258592367172241
17.412192344665527
24.077654361724854
31.137428522109985
38.28520321846008
46.335270166397095
104.13871669769287
112.7665205001831
121.74661755561829
131.24693632125854
141.19538521766663
152.0572624206543
164.40901684761047
181.2162573337555
237.0385136604309
266.6501820087433
286.78365778923035
300.43048763275146
314.46916365623474
331.4880964756012
346.8316218852997
361.35438299179077
374.1791048049927
386.9437966346741
401.8339719772339
415.0601601600647
428.08683228492737
441.18430376052856
454.26473569869995
467.41193747520447
480.6130452156067
493.70772337913513
508.2112853527069
521.1499426364899
534.3619084358215
547.640709400177
560.9104552268982
574.1204578876495
587.1481897830963
600.4113199710846
615.1694481372833
628.5790870189667
641.7594938278198
655.2549290657043
668.4276218414307
681.8688206672668
695.3997452259064
708.8317534923553
722.2074391841888
735.7879657745361
750.528666973114
766.7108359336853
780.5031373500824
794.7811555862427
808.9303343296051
823.0682947635651
836.9578528404236
852.4640390872955
866.7791442871094
880.8988018035889
895.1170690059662
