116.33359266351044
115.4313156936629
73.49255288567747
7.81128844050977
1.7589495174088459
1.2200122684073094
0.8321839930622073
0.5259193232882069
0.06999918034039254
0.0005849998350573316
9.331305328430517e-08
3.2848017639253158e-09
7.00866920055887e-10
5.512088563364159e-10
5.518092649481332e-10
5.142926084999999e-10
5.140936565339871e-10
5.1319659633009e-10
5.138467429333105e-10
5.129621172272891e-10
5.138716119290621e-10
5.129354718746981e-10
5.138200975807194e-10
5.129408009452163e-10
5.129408009452163e-10
5.129194846631435e-10
5.129177083063041e-10
5.129177083063041e-10
5.129177083063041e-10
5.129177083063041e-10
5.129177083063041e-10
5.129177083063041e-10
5.129177083063041e-10
5.129177083063041e-10
5.129177083063041e-10
5.129177083063041e-10
5.129177083063041e-10
5.129177083063041e-10
5.129177083063041e-10
5.129177083063041e-10
5.129177083063041e-10
5.129177083063041e-10
5.129177083063041e-10
5.129177083063041e-10
5.129177083063041e-10
5.129177083063041e-10
5.129177083063041e-10
5.129177083063041e-10
5.129177083063041e-10
5.129177083063041e-10
5.129177083063041e-10
5.129177083063041e-10
5.129177083063041e-10
5.129177083063041e-10
5.129177083063041e-10
5.129177083063041e-10
5.129177083063041e-10
5.129177083063041e-10
5.129177083063041e-10
5.129177083063041e-10
5.129177083063041e-10
