8.76908110015528
8.728228360875049
6.927640793434325
2.0059106114388996
0.15388486910991156
0.32936606186770045
0.06674334271960214
0.17232211688814378
0.024270094750496584
0.0018766031124170556
1.0556353588722287e-05
1.7826649314934476e-06
8.577252825077685e-07
5.038950728019341e-07
2.896854854029677e-07
5.783447623283801e-07
4.0768607294058277e-07
4.0768607294058277e-07
2.6815504913680993e-07
2.6815499107829435e-07
2.6815498274658823e-07
2.6550190824082563e-07
2.6550190824082563e-07
2.655018732113837e-07
2.655018712402278e-07
2.6550186449348444e-07
2.6550186449348444e-07
2.6550186449348444e-07
2.6550186449348444e-07
2.6550186449348444e-07
2.6550186449348444e-07
2.6550186449348444e-07
2.6550186449348444e-07
2.6550186449348444e-07
2.6550186449348444e-07
2.6550186449348444e-07
2.6550186449348444e-07
2.6550186449348444e-07
2.6550186449348444e-07
2.6550186449348444e-07
2.6550186449348444e-07
2.6550186449348444e-07
2.6550186449348444e-07
2.6550186449348444e-07
2.6550186449348444e-07
2.6550186449348444e-07
2.6550186449348444e-07
2.6550186449348444e-07
2.6550186449348444e-07
2.6550186449348444e-07
2.6550186449348444e-07
2.6550186449348444e-07
2.6550186449348444e-07
2.6550186449348444e-07
2.6550186449348444e-07
2.6550186449348444e-07
2.6550186449348444e-07
2.6550186449348444e-07
2.6550186449348444e-07
2.6550186449348444e-07
2.6550186449348444e-07
