63.12432681614201
63.094743100270556
61.05694902705274
57.629333402719396
55.73762865974966
45.791899901899185
41.27535151809279
32.91915529262015
12.46834427017776
1.2710563394259609
0.018586005110284947
0.00322542969670318
0.0006267915700960826
0.00040336131655220755
0.00040256539656316595
0.0002105467857004714
0.00021038961020894073
0.00021038961020777006
0.00021016916360208307
0.00021016916341950347
0.00021016916340959444
0.0002101597991772532
0.00021015979917567582
0.00021015979903476383
0.00021015979903318645
0.00021015979903069203
0.0002101597990281976
0.0002101597990281976
0.0002101597990281976
0.0002101597990281976
0.0002101597990281976
0.0002101597990281976
0.0002101597990281976
0.0002101597990281976
0.0002101597990281976
0.0002101597990281976
0.0002101597990281976
0.0002101597990281976
0.0002101597990281976
0.0002101597990281976
0.0002101597990281976
0.0002101597990281976
0.0002101597990281976
0.0002101597990281976
0.0002101597990281976
0.0002101597990281976
0.0002101597990281976
0.0002101597990281976
0.0002101597990281976
0.0002101597990281976
0.0002101597990281976
0.0002101597990281976
0.0002101597990281976
0.0002101597990281976
0.0002101597990281976
0.0002101597990281976
0.0002101597990281976
0.0002101597990281976
0.0002101597990281976
0.0002101597990281976
0.0002101597990281976
