11.103878021240234
29.509100675582886
36.13360905647278
42.997822761535645
50.29938530921936
58.08691167831421
66.33807373046875
75.09606170654297
85.21657156944275
105.12940120697021
133.38029670715332
149.63059449195862
162.56573748588562
175.05380034446716
187.88667368888855
201.33747935295105
214.64351296424866
226.6669647693634
240.65222907066345
255.1124782562256
270.0834457874298
284.27242517471313
298.1504123210907
314.0509023666382
326.78711438179016
342.0066442489624
355.4959156513214
368.5925841331482
381.8577411174774
395.2556927204132
408.55675506591797
422.0789451599121
435.53041100502014
448.9648926258087
462.21176052093506
475.39954662323
488.85493874549866
502.21259593963623
515.4820470809937
528.8068797588348
542.300389289856
555.4064784049988
568.9372801780701
582.4043564796448
595.8169629573822
609.0017392635345
622.5303943157196
635.9771494865417
649.1036856174469
662.4963247776031
675.6381771564484
688.7786920070648
701.9243273735046
715.0362293720245
728.1829445362091
741.3985869884491
754.5517835617065
767.61670088768
781.0461659431458
794.0945343971252
807.1558644771576
