226.35516755712842
225.53645795414013
164.4117353011336
69.8777371219436
4.552189114562722
4.483946304718998
4.434374973480168
4.374894103584701
4.334655442662324
3.2550000978395204
2.48016541300375
0.8374271156294881
0.18967609240927885
0.022887442866203145
6.037347645815316e-06
6.031126462247016e-06
5.793208051940724e-06
7.406697477563284e-10
5.726050744669919e-10
5.71482416944491e-10
5.706120020931849e-10
5.706706218688851e-10
5.69139402273322e-10
5.69139402273322e-10
5.69139402273322e-10
5.69139402273322e-10
5.69139402273322e-10
5.69139402273322e-10
5.69139402273322e-10
5.69139402273322e-10
5.642846190312412e-10
5.642846190312412e-10
5.64279289960723e-10
5.64279289960723e-10
5.64279289960723e-10
5.64279289960723e-10
5.64279289960723e-10
5.705516059606452e-10
5.705516059606452e-10
5.705516059606452e-10
5.705516059606452e-10
5.705516059606452e-10
5.705516059606452e-10
5.71322544828945e-10
5.71322544828945e-10
5.71322544828945e-10
5.71322544828945e-10
5.71322544828945e-10
5.71322544828945e-10
5.71322544828945e-10
5.71322544828945e-10
5.71322544828945e-10
5.71322544828945e-10
5.71322544828945e-10
5.71322544828945e-10
5.678337799963629e-10
5.678337799963629e-10
5.678337799963629e-10
5.678337799963629e-10
5.678337799963629e-10
5.678337799963629e-10
