12.209570747610625
12.195801479304635
10.382674363686416
6.6484017835893665
0.5394262952809704
0.49801274126015693
0.4815049986303794
0.42090723848912304
0.3861417028115359
0.3448028694694105
0.1861006455877691
0.07451742541831034
0.043588087861198964
0.0058883985413876435
7.887004875757485e-05
7.878709083122008e-05
8.24154024161771e-05
8.635460125887863e-07
3.976078336546788e-07
7.320071473592664e-07
4.146384506323677e-07
3.1045275695868483e-07
3.104527506798095e-07
3.104527506798095e-07
3.104527506798095e-07
3.104527506798095e-07
3.104527506798095e-07
3.104527506798095e-07
3.104527506798095e-07
3.104527506798095e-07
3.104527506798095e-07
3.104527506798095e-07
3.104527506798095e-07
3.104527506798095e-07
3.104527506798095e-07
3.104527506798095e-07
3.104527506798095e-07
3.104527506798095e-07
3.104527506798095e-07
3.104527506798095e-07
3.104527506798095e-07
3.104527506798095e-07
3.104527506798095e-07
3.104527506798095e-07
3.104527506798095e-07
3.104527506798095e-07
3.104527506798095e-07
3.104527506798095e-07
3.104527506798095e-07
3.104527506798095e-07
3.104527506798095e-07
3.104527506798095e-07
3.104527506798095e-07
3.104527506798095e-07
3.104527506798095e-07
3.104527506798095e-07
3.104527506798095e-07
3.104527506798095e-07
3.104527506798095e-07
3.104527506798095e-07
3.104527506798095e-07
