73.88963686677671
73.87921496526255
71.33112155219597
67.0969515421691
63.49378237155321
63.48312641528664
63.480467901358935
63.45456705852856
63.433021742101495
55.65730934182549
50.07177505952225
32.02555386524471
19.002446855115227
9.330275778399331
0.15329129935330477
0.15321252495212617
0.1501459833571405
0.0007555461275105012
0.0005067315045026526
0.0005036245682811686
0.0005024366033318171
0.0005018376932719552
0.0005018376930114545
0.0005018376930114545
0.0005018376930114545
0.0005018376930114545
0.0005018376930114545
0.0005018376930114545
0.0005018376930114545
0.0005018376930114545
0.0005018376930114545
0.0005018376930113245
0.0005018376930111946
0.0005018376930111946
0.0005018376930111946
0.0005018376930111946
0.0005018376930111946
0.0005018376930111946
0.0005018376930111946
0.0005018376930111946
0.0005018376930111946
0.0005018376930111946
0.0005018376930111946
0.0005018376930111946
0.0005018376930111946
0.0005018376930111946
0.0005018376930111946
0.0005018376930111946
0.0005018376930111946
0.0005018376930111946
0.0005018376930111946
0.0005018376930111946
0.0005018376930111946
0.0005018376930111946
0.0005018376930111946
0.0005018376930111946
0.0005018376930111946
0.0005018376930111946
0.0005018376930111946
0.0005018376930111946
0.0005018376930111946
