10.574966430664062
34.92403316497803
41.29110240936279
47.95796203613281
55.48577857017517
63.65855956077576
71.81621956825256
80.6526665687561
90.13326787948608
101.37796831130981
120.31713366508484
132.7826006412506
148.95513105392456
165.56754231452942
214.66475534439087
228.93378567695618
244.52370834350586
280.50028705596924
299.04243206977844
314.22753286361694
329.1036627292633
345.45381331443787
361.29587388038635
374.71766567230225
388.2754716873169
401.6341233253479
415.0253095626831
428.5830092430115
441.7892634868622
455.2595589160919
469.8519229888916
483.5572693347931
496.90027713775635
510.70791697502136
523.9948229789734
537.6415359973907
551.0687770843506
565.7000997066498
579.221225976944
592.4245371818542
605.9009170532227
619.1397247314453
632.4305546283722
647.212560415268
661.0086061954498
674.4542541503906
688.0132555961609
701.7993276119232
715.2561750411987
728.6870098114014
742.4147627353668
755.9550979137421
769.4842221736908
782.8599412441254
796.3326454162598
811.640077829361
825.3962800502777
839.1689653396606
853.1026515960693
866.7157979011536
880.3619821071625
