64.9054298793501
35.331091951931
5.947175351847676
5.8098294578505545
2.753476482852143
0.48739926943450307
0.379336842452787
0.09307218813769147
0.00199690910524275
3.9059225187543234e-08
5.919549295185789e-10
5.954401416374822e-10
5.886189313741852e-10
5.89771786962956e-10
5.885283371753758e-10
5.802451852332524e-10
5.158522498049933e-10
5.193943053427574e-10
5.170068817506035e-10
5.216893583792626e-10
5.216893583792626e-10
5.216893583792626e-10
5.216893583792626e-10
5.216893583792626e-10
5.216893583792626e-10
5.216893583792626e-10
5.216893583792626e-10
5.188205420836312e-10
5.188205420836312e-10
5.188205420836312e-10
5.163336425084708e-10
5.178684148177126e-10
5.116262968840601e-10
5.143121484252333e-10
5.143121484252333e-10
5.143121484252333e-10
5.143121484252333e-10
5.143121484252333e-10
5.143121484252333e-10
5.143121484252333e-10
5.143121484252333e-10
5.121023605170194e-10
5.131646219069808e-10
5.131646219069808e-10
5.131646219069808e-10
5.131646219069808e-10
5.131646219069808e-10
5.131646219069808e-10
5.131646219069808e-10
5.137064107429978e-10
5.137064107429978e-10
5.137064107429978e-10
5.137064107429978e-10
5.137064107429978e-10
5.137064107429978e-10
5.137064107429978e-10
5.146674197931134e-10
5.146674197931134e-10
5.146674197931134e-10
5.146674197931134e-10
5.146674197931134e-10
