10.933232069015503
17.046205282211304
23.817994832992554
30.572476863861084
38.040616035461426
46.41463017463684
55.30576205253601
65.39118766784668
81.02804756164551
108.37376117706299
126.48074984550476
136.94048380851746
147.8131182193756
160.0011179447174
172.58535480499268
186.60540866851807
204.7037332057953
219.35625839233398
234.22849035263062
248.78088665008545
260.89435601234436
273.18385195732117
285.1998770236969
297.41096591949463
309.4195065498352
321.5894343852997
333.727525472641
347.1066987514496
359.63484621047974
372.2718462944031
387.38877987861633
403.22878980636597
421.6794171333313
438.4079213142395
452.50538444519043
466.2783987522125
480.28871178627014
494.09861612319946
508.1959002017975
521.9969265460968
535.7534701824188
551.349451303482
568.0689344406128
582.6308419704437
597.0626156330109
611.4348695278168
626.1556758880615
640.606213092804
654.9448285102844
670.7553758621216
685.198991060257
699.5097815990448
713.9860262870789
728.4737548828125
743.0074269771576
757.5227024555206
773.4366588592529
787.7431585788727
802.3513100147247
816.9409527778625
831.1645259857178
