6.442547625161072
4.636439528816197
1.3801378905989572
1.344713985812406
0.16895007190631126
0.09245992366351509
0.1979667367175812
0.037815920471558885
0.0032222986960816764
6.843146262749681e-06
5.462090065901676e-07
7.338041551474e-07
7.697757049438764e-07
4.6729004163837103e-07
1.563647139007056e-06
4.414862830838616e-07
2.604355408209239e-07
2.6043099316950443e-07
2.4032098313667913e-07
2.403198706998332e-07
2.403198706998332e-07
2.403198706998332e-07
2.403198706998332e-07
2.403198706998332e-07
2.403198706998332e-07
2.403198706998332e-07
2.403198706998332e-07
2.403198706998332e-07
2.403198706998332e-07
2.403198706998332e-07
2.403020773726169e-07
5.859833583015334e-07
3.631754584320097e-07
3.631754392293263e-07
3.631754392293263e-07
3.631754392293263e-07
3.631754392293263e-07
3.631754392293263e-07
3.631754392293263e-07
3.631754392293263e-07
3.631754392293263e-07
3.631754392293263e-07
3.631754392293263e-07
3.631754392293263e-07
3.631754392293263e-07
3.631754392293263e-07
3.631754392293263e-07
3.631754392293263e-07
3.631754392293263e-07
3.631754392293263e-07
3.631754392293263e-07
3.631754392293263e-07
3.631754392293263e-07
3.631754392293263e-07
3.631754392293263e-07
3.631754392293263e-07
3.631754392293263e-07
3.631754392293263e-07
3.631754392293263e-07
3.631754392293263e-07
3.631754392293263e-07
