71.40050259094814
70.09139802536828
68.63112666046514
68.6184250989761
65.05362090161388
32.11532171000593
27.020126680726914
15.111567992466238
2.6935089801149186
0.012065989745242629
0.00046126077018468226
0.00045626953440566553
0.00045362891553747605
0.000451930571291389
0.0004385741648745839
0.0004374262108814511
0.00021126822008303412
0.00021126816675421278
0.00021096893774453335
0.0002109688909136421
0.0002109688909136421
0.0002109688909136421
0.0002109688909136421
0.0002109688909136421
0.0002109688909136421
0.0002109688909136421
0.0002109688909136421
0.0002109688909136421
0.0002109688908893001
0.00021096889087532763
0.0002109681442458126
0.00020043662512099134
0.00019960897976316797
0.00019960897975369255
0.00019960897975369255
0.00019960897975369255
0.00019960897975369255
0.00019960897975369255
0.00019960897975369255
0.00019960897975369255
0.00019960897975369255
0.00019960897975369255
0.00019960897975354779
0.00019960897975354779
0.00019960897975354779
0.00019960897975354779
0.00019960897975354779
0.00019960897975354779
0.00019960897975354779
0.00019960897975354779
0.00019960897975354779
0.00019960897975354779
0.00019960897975354779
0.00019960897975354779
0.00019960897975354779
0.00019960897975354779
0.00019960897975354779
0.00019960897975340302
0.00019960897975340302
0.00019960897975340302
0.00019960897975340302
