10.719601154327393
16.782315015792847
23.659138917922974
30.62464690208435
38.15643501281738
46.70657014846802
55.657957792282104
65.61980438232422
80.88813924789429
108.158034324646
178.12915182113647
188.81410336494446
199.89347338676453
212.03595185279846
224.70431900024414
238.7809555530548
256.7671055793762
271.21940445899963
285.9689953327179
300.3229892253876
312.4686381816864
324.5128479003906
336.7198188304901
348.9721043109894
361.05325269699097
373.2221622467041
385.330100774765
398.8307874202728
411.1334824562073
423.34532475471497
437.9096727371216
453.8528311252594
472.3706934452057
489.01828360557556
502.79522824287415
516.7308638095856
530.60018658638
544.435136795044
558.2762265205383
572.093772649765
586.0078976154327
601.4553089141846
617.929933309555
632.2622306346893
646.7157692909241
660.7884073257446
675.1482043266296
689.3678476810455
703.5517597198486
719.6493458747864
734.3892066478729
748.9328362941742
763.4255969524384
777.8619661331177
792.0532438755035
806.5597836971283
822.3804020881653
837.1157507896423
851.8248946666718
866.4048547744751
880.9451291561127
