3.186299598393134
3.178059643515894
2.989449148467717
2.986981890240493
2.936543172247461
2.750358163491157
1.6325546838601888
1.0561420223018274
0.9871964569443037
0.7784478953707152
0.5593610960787379
0.20306760374995747
0.006997515693262457
6.374386011032129e-06
4.7144091475104233e-07
1.2353022782463086e-07
5.258673496655319e-10
5.297327021480669e-10
5.297327021480669e-10
5.297327021480669e-10
5.297327021480669e-10
5.297327021480669e-10
5.297327021480669e-10
5.297327021480669e-10
5.297327021480669e-10
5.297327021480669e-10
5.297327021480669e-10
5.297327021480669e-10
5.297327021480669e-10
5.280433867937973e-10
5.278355530435874e-10
5.291358462500284e-10
5.27665022787005e-10
5.262457136723242e-10
5.296083571693089e-10
5.28876498151476e-10
5.293490090707564e-10
5.250804235856776e-10
5.272831060665339e-10
5.272831060665339e-10
5.272831060665339e-10
5.272831060665339e-10
5.272831060665339e-10
5.272831060665339e-10
5.276810099985596e-10
5.276810099985596e-10
5.276810099985596e-10
5.276810099985596e-10
5.276810099985596e-10
5.276810099985596e-10
5.276810099985596e-10
5.270397451795361e-10
5.270397451795361e-10
5.270397451795361e-10
5.270397451795361e-10
5.270397451795361e-10
5.270397451795361e-10
5.270397451795361e-10
5.270397451795361e-10
5.260467617063114e-10
5.260467617063114e-10
