0.38259757154289403
0.3742611197042848
0.18048475734260408
0.1711472729925833
0.09758993519048187
0.14960168224855097
0.08645378805534702
0.17846101943073492
0.05485265822216361
0.059864949083086684
0.08077279783648834
0.016394444999195578
0.006015036842766705
2.210937462218842e-05
2.208584355081749e-05
7.825708634972028e-05
2.2258402654108956e-07
4.7314163931850173e-07
4.7314163931850173e-07
4.7314163931850173e-07
4.7314163931850173e-07
4.7314163931850173e-07
4.7314163931850173e-07
4.7314163931850173e-07
4.7314163931850173e-07
4.7314163931850173e-07
4.7314163931850173e-07
4.7314163931850173e-07
4.7314163931850173e-07
4.7314163931850173e-07
4.725447284821303e-07
3.409751303082281e-07
3.084576006273954e-07
2.070617980511376e-07
7.96549431507388e-07
4.0361259379874866e-07
4.0361258078649665e-07
4.036125672833575e-07
4.0361241518424605e-07
4.0361241518424605e-07
4.0361241518424605e-07
4.0361241518424605e-07
4.0361241518424605e-07
4.0361241518424605e-07
4.0361241518424605e-07
4.0361241518424605e-07
4.0361241518424605e-07
4.0361241518424605e-07
4.0361241518424605e-07
4.0361241518424605e-07
4.0361241518424605e-07
4.0361241518424605e-07
4.0361241518424605e-07
4.0361241518424605e-07
4.0361241518424605e-07
4.0361241518424605e-07
4.0361241518424605e-07
4.0361241518424605e-07
4.0361241518424605e-07
4.0361241518424605e-07
4.0361241518424605e-07
