84.36072200953289
84.35864061312797
84.19232604147331
84.18969849474554
83.99518213671385
82.36350385056994
71.77959080210454
61.347308570238724
60.628352619777345
54.54150174566062
46.00745043550468
28.17302861095881
2.913871713781283
0.0429656070721383
0.042943549527070794
0.020807830150069834
0.00025826536416051406
0.0002536424900708465
0.0002536424900708465
0.0002536424900708465
0.0002536424900708465
0.0002536424900708465
0.0002536424900708465
0.0002536424900708465
0.0002536424900708465
0.0002536424900708465
0.0002536424900708465
0.0002536424900708465
0.0002536424900708465
0.0002536424900708465
0.00025364112501235196
0.00025345049507384055
0.0002524495985515201
0.0002520475528426559
0.0002446336245566168
0.0002442919662846572
0.0002442919662419175
0.0002442919662360728
0.0002442919657492008
0.0002442919657492008
0.0002442919657492008
0.0002442919657492008
0.0002442919657492008
0.0002442919657492008
0.0002442919657492008
0.0002442919657492008
0.0002442919657492008
0.0002442919657492008
0.0002442919657492008
0.0002442919657492008
0.0002442919657492008
0.0002442919657492008
0.0002442919657492008
0.0002442919657492008
0.0002442919657492008
0.0002442919657492008
0.0002442919657492008
0.0002442919657492008
0.0002442919657492008
0.0002442919657492008
0.0002442919657492008
