10.765114307403564
23.051571369171143
29.312285900115967
35.94564890861511
43.221492528915405
50.99315571784973
59.245291233062744
68.07921028137207
77.41759657859802
86.96923589706421
97.01043581962585
116.58544278144836
129.0383973121643
156.97066020965576
169.67457818984985
185.64912176132202
219.07664108276367
232.96971011161804
244.16636061668396
255.36657071113586
266.4533052444458
277.5080416202545
288.7421975135803
299.97213530540466
311.1418499946594
322.44709610939026
333.72967433929443
344.9502773284912
356.29580211639404
368.4439070224762
382.06817507743835
395.83961391448975
411.0227653980255
425.74296736717224
441.617959022522
458.2630932331085
475.0234637260437
491.44890809059143
510.6118142604828
525.5119791030884
540.0465075969696
554.9086856842041
569.3687605857849
584.0394909381866
600.3132784366608
615.3304843902588
630.1842827796936
645.1541924476624
659.8189918994904
674.7709579467773
689.4692811965942
705.892359495163
720.9032089710236
736.1374850273132
751.0541861057281
766.2308676242828
781.0822279453278
796.4137189388275
811.3565678596497
827.9883759021759
843.2615079879761
