136.2382536955265
108.6401084543154
41.699100526856455
3.421795376006946
3.4121707159326036
3.1423207407546805
2.8916142871510644
1.1791571080843255
0.7966854736323654
0.7944358517908654
0.6523856847187055
0.16406590699660129
0.1196821949739082
0.006837519519951485
3.8554642145527396e-08
5.537525993304371e-10
5.513722811656407e-10
5.529940949600132e-10
5.475797593135212e-10
5.500790933865574e-10
5.489528831503776e-10
5.44893907772348e-10
5.44893907772348e-10
5.44893907772348e-10
5.44893907772348e-10
5.44893907772348e-10
5.44893907772348e-10
5.44893907772348e-10
5.44893907772348e-10
5.44893907772348e-10
5.44893907772348e-10
5.44893907772348e-10
5.482068132778295e-10
5.502798217094096e-10
5.502798217094096e-10
5.502798217094096e-10
5.502798217094096e-10
5.502798217094096e-10
5.502798217094096e-10
5.502798217094096e-10
5.45794520689924e-10
5.45794520689924e-10
5.45794520689924e-10
5.45794520689924e-10
5.45794520689924e-10
5.45794520689924e-10
5.45794520689924e-10
5.45794520689924e-10
5.45794520689924e-10
5.45794520689924e-10
5.45794520689924e-10
5.453095752727677e-10
5.453095752727677e-10
5.453095752727677e-10
5.453095752727677e-10
5.453095752727677e-10
5.453095752727677e-10
5.453095752727677e-10
5.453095752727677e-10
5.453095752727677e-10
5.486455734171614e-10
