9.45138903587829
8.39933557050463
5.064772769638789
0.1492130794780555
0.1296018489751725
0.10984147175933355
0.41353954223151296
0.5016150695425821
0.03629596418441001
0.03427250670308471
0.1627246598800718
0.07047242594407369
0.076595688925621
0.005764428575472224
6.644252893086533e-06
3.9331506659436866e-07
7.944539815587382e-07
6.443321806665692e-07
6.359471766145699e-07
4.5330089534689094e-07
5.551293468450587e-07
4.607013772699369e-07
4.607013772699369e-07
4.607013772699369e-07
4.607013772699369e-07
4.607013772699369e-07
4.607013772699369e-07
4.607013772699369e-07
4.607013772699369e-07
4.607013772699369e-07
4.607013772699369e-07
4.607013772699369e-07
4.607013772699369e-07
4.606831743910357e-07
4.606831743910357e-07
4.606831743910357e-07
4.606831743910357e-07
4.606831743910357e-07
4.606831743910357e-07
4.606831743910357e-07
4.606831743910357e-07
4.606831743910357e-07
4.606831743910357e-07
4.606831743910357e-07
4.606831743910357e-07
4.606831743910357e-07
4.606831743910357e-07
4.606831743910357e-07
4.606831743910357e-07
4.606831743910357e-07
4.606831743910357e-07
4.606831743910357e-07
4.606831743910357e-07
4.606831743910357e-07
4.606831743910357e-07
4.606831743910357e-07
4.606831743910357e-07
4.606831743910357e-07
4.606831743910357e-07
4.606831743910357e-07
4.606831743910357e-07
