86.62366734170459
85.69114447874712
83.22545395016948
81.47211443739674
81.44297202151648
79.59224520620769
76.08600242619002
54.19828063690295
53.99192245715507
53.95798597895849
47.80510007397845
24.10215677489323
20.721117709082396
3.5013008630923457
0.012267283297919493
0.00033088031012334733
0.00032505982472516993
0.0003233425216211449
0.0003212814831058618
0.0003208790584895436
0.00031862265037255747
0.000317058788071928
0.000317058788071928
0.000317058788071928
0.000317058788071928
0.000317058788071928
0.000317058788071928
0.000317058788071928
0.000317058788071928
0.000317058788071928
0.000317058788071928
0.000317058788071928
0.000317058788071928
0.00031705871624700496
0.0003170587162458773
0.0003170587162447496
0.0003170587162447496
0.0003170587162447496
0.0003170587162447496
0.0003170587162447496
0.0003170587162447496
0.000317058716241816
0.0003170587162406883
0.0003170587162395606
0.00031705871623843293
0.00031705871623843293
0.00031705871623843293
0.00031705871623843293
0.00031705871623843293
0.00031705871623843293
0.00031705871623843293
0.00031705871623843293
0.00031705871623843293
0.00031705871623843293
0.00031705871623843293
0.00031705871623843293
0.00031705871623843293
0.00031705871623843293
0.00031705871623843293
0.00031705871623843293
0.00031705871623843293
