11.019111633300781
16.998383283615112
23.653192043304443
30.687042236328125
45.385152101516724
53.09003162384033
61.21335244178772
69.79157495498657
79.07611393928528
88.08165645599365
97.99390172958374
108.0656509399414
119.14300847053528
132.02062606811523
184.21192955970764
211.57163190841675
225.15073370933533
239.17662811279297
253.4011025428772
267.56785249710083
282.82960963249207
298.85517168045044
311.3517029285431
323.9120264053345
336.39701986312866
349.06683897972107
361.5407814979553
373.8793406486511
386.63821363449097
399.0934524536133
411.6998481750488
424.3064787387848
438.3335425853729
453.48718667030334
466.3321387767792
479.59420943260193
492.44309759140015
505.438467502594
518.6251239776611
531.8114378452301
546.3177366256714
559.509444475174
572.5194668769836
585.898788690567
599.0949728488922
612.6048691272736
625.6824841499329
639.4072694778442
652.4447894096375
665.6639277935028
678.7921681404114
693.638669013977
707.3741450309753
721.0729894638062
734.5894241333008
748.2475416660309
762.2035448551178
775.8999962806702
789.5771601200104
803.0439813137054
818.1141040325165
