35.74192659065511
34.32841994040666
11.926112483032796
3.888648468174365
3.870788924926309
3.565185060012759
1.084130765406318
0.16948480234521313
0.021291753698767124
3.308942680391169e-05
1.8113236190941961e-06
1.079184741570316e-09
5.983853412772078e-10
6.017444320605136e-10
6.01364291696882e-10
6.000302477104924e-10
6.000302477104924e-10
6.000302477104924e-10
6.000302477104924e-10
6.000302477104924e-10
6.000302477104924e-10
6.000302477104924e-10
6.000302477104924e-10
6.000302477104924e-10
6.000302477104924e-10
5.98470606405499e-10
5.936744429391183e-10
5.956160009645828e-10
5.956160009645828e-10
5.956160009645828e-10
5.956160009645828e-10
5.956160009645828e-10
5.956160009645828e-10
5.916547252127202e-10
5.916547252127202e-10
5.916547252127202e-10
5.916547252127202e-10
5.916547252127202e-10
5.916547252127202e-10
5.916547252127202e-10
5.916547252127202e-10
5.916156453622534e-10
5.916156453622534e-10
5.916156453622534e-10
5.916156453622534e-10
5.916156453622534e-10
5.916156453622534e-10
5.916156453622534e-10
5.916156453622534e-10
5.960885118838632e-10
5.960885118838632e-10
5.960885118838632e-10
5.960885118838632e-10
5.960885118838632e-10
5.960885118838632e-10
5.88773474419213e-10
5.88773474419213e-10
5.88773474419213e-10
5.88773474419213e-10
5.88773474419213e-10
5.88773474419213e-10
