4.614848560233538
4.511572617908844
2.3066054073142905
0.12930945411588593
0.12451306032825823
0.3873258359474811
0.13464302655739185
0.018648298515697208
0.01977812036385527
0.00019144168851774245
4.382863677737534e-05
1.3454038839845658e-06
6.518714546224923e-07
5.836598457057589e-07
1.162162688642378e-06
5.761517767217909e-07
5.761517767217909e-07
5.761517767217909e-07
5.761517767217909e-07
5.761517767217909e-07
5.761517767217909e-07
5.761517767217909e-07
5.761517767217909e-07
5.761517767217909e-07
5.761517767217909e-07
5.761517767217909e-07
1.24863350650529e-06
5.00355900321171e-07
5.00355900321171e-07
5.00355900321171e-07
5.00355900321171e-07
5.00355900321171e-07
5.00355900321171e-07
5.00355900321171e-07
5.00355900321171e-07
5.00355900321171e-07
5.00355900321171e-07
5.00355900321171e-07
5.00355900321171e-07
5.00355900321171e-07
5.00355900321171e-07
5.00355900321171e-07
5.00355900321171e-07
5.00355900321171e-07
5.00355900321171e-07
5.00355900321171e-07
5.00355900321171e-07
5.00355900321171e-07
5.00355900321171e-07
5.00355900321171e-07
5.00355900321171e-07
5.00355900321171e-07
5.00355900321171e-07
5.00355900321171e-07
5.00355900321171e-07
5.00355900321171e-07
5.00355900321171e-07
5.00355900321171e-07
5.00355900321171e-07
5.00355900321171e-07
5.00355900321171e-07
