75.70295908184995
75.64306063658609
74.55177122147211
72.94745873591576
72.8410428293861
68.81411752706688
45.18424379815829
23.49246928294485
8.009109708157544
0.35484820054381955
0.08359676710356671
0.0011575703799652098
0.0004568011344325299
0.0004542696907631968
0.0004482697582075189
0.0004465247568537175
0.0004465247568537175
0.0004465247568537175
0.0004465247568537175
0.0004465247568537175
0.0004465247568537175
0.0004465247568537175
0.0004465247568537175
0.0004465247568537175
0.0004465247568537175
0.0004465247568537175
0.00043973458702539005
0.000438547359403835
0.0004385473594034852
0.0004385473594031354
0.0004385473594031354
0.0004385473594031354
0.0004385473594031354
0.0004385473594031354
0.0004385473594031354
0.0004385473594031354
0.0004385473594031354
0.0004385473594031354
0.0004385473594031354
0.0004385473594031354
0.0004385473594031354
0.0004385473594031354
0.0004385473594031354
0.0004385473594031354
0.0004385473594031354
0.0004385473594031354
0.0004385473594031354
0.0004385473594031354
0.0004385473594031354
0.0004385473594031354
0.0004385473594031354
0.0004385473594031354
0.0004385473594031354
0.0004385473594031354
0.0004385473594031354
0.0004385473594031354
0.0004385473594031354
0.0004385473594031354
0.0004385473594031354
0.0004385473594031354
0.0004385473594031354
