11.118512868881226
17.358375072479248
23.94256019592285
31.248450994491577
38.72175908088684
46.47089982032776
54.8474006652832
67.15614008903503
80.88081216812134
107.8210129737854
129.0066945552826
144.673198223114
158.16408681869507
169.52877068519592
182.1085455417633
195.48866605758667
205.78590607643127
216.17457175254822
226.6822474002838
237.2016522884369
247.6159312725067
258.1125910282135
268.83195400238037
279.17137265205383
289.7397766113281
301.47792410850525
315.6979410648346
330.3421733379364
341.5889310836792
353.1012043952942
364.39040327072144
375.7589819431305
387.02857971191406
399.7595155239105
411.3096716403961
422.67373418807983
434.05531001091003
445.64503359794617
457.33736181259155
468.8033776283264
480.2705788612366
493.02310729026794
504.8873791694641
516.7874672412872
528.5285573005676
540.3185396194458
552.1262366771698
563.9285297393799
575.6906142234802
588.6687927246094
600.7620704174042
612.502748966217
624.199832201004
636.3413796424866
648.1522538661957
661.3931615352631
673.5382173061371
685.7492008209229
697.8136456012726
709.9352774620056
721.9927723407745
