8720.996370090166
8639.543637997274
8495.929456843965
8171.094723297334
7545.533131622182
6389.023106477427
4448.601326125717
1808.2194747234712
69.81168095655187
0.0038800388658160045
0.0006928045191330057
0.00022036074716424991
3.4474433562081686e-05
3.0618447226515855e-06
4.600411216415523e-07
1.1370678976163617e-07
2.607919213915011e-08
6.356629000947578e-09
1.4664465197711252e-09
3.5703351386473514e-10
8.321876521222293e-11
2.0179413695586845e-11
4.433786671143025e-12
1.1368683772161603e-12
