133.48234913206582
132.85499154088376
131.74178542038314
129.1850636433854
124.11442255238825
114.14851786343743
95.13491767328728
60.52735438503929
11.816359386484358
0.11496370958424662
0.026445048405207533
0.099610394091386
0.01825451812331244
0.01425598762274365
0.004684559948240511
0.002960238504248728
0.0011910539415120299
0.000673151540811146
0.0002866962609304713
0.00015794307836029976
6.886345041160979e-05
3.7385479674118136e-05
1.6601327763488557e-05
8.900345128814855e-06
