130.68132499792284
130.0719301675562
128.99155525210816
126.51627451996512
121.60407996364472
111.95642567887063
93.53550692228333
59.75916070206155
11.81559191199363
0.06075307452799148
0.011845130114248727
0.006496471526309211
0.0049651113263833955
0.0006271453000071379
0.0004722480178243686
0.0001768432354801416
0.00011076929034484273
4.323461680816879e-05
2.6388150183755777e-05
1.0532022347140194e-05
6.345527632738493e-06
2.575450235521163e-06
1.536480398498603e-06
6.335792413343594e-07
