226.70968104471103
119.93212570947094
31.112670854145392
3.8733030986199175
3.6730060908012767
3.2999813858392955
0.7383723525567483
0.2777896055951645
0.074457659448802
0.00013394951808365363
1.5428555322216653e-07
5.675175884789496e-10
5.634106514662562e-10
5.599805064093744e-10
5.619398280032328e-10
5.626947796599779e-10
5.64385871371087e-10
5.581508588647921e-10
5.502567290704974e-10
5.554525728257431e-10
5.537668101851523e-10
5.516564982599448e-10
5.551452630925269e-10
5.511608947017521e-10
5.511608947017521e-10
5.511608947017521e-10
5.511608947017521e-10
5.511608947017521e-10
5.511608947017521e-10
5.511608947017521e-10
5.511608947017521e-10
5.516245238368356e-10
5.516245238368356e-10
5.516245238368356e-10
5.516245238368356e-10
5.516245238368356e-10
5.516245238368356e-10
5.521627599591739e-10
5.521627599591739e-10
5.521627599591739e-10
5.521627599591739e-10
5.521627599591739e-10
5.521627599591739e-10
5.521627599591739e-10
5.521627599591739e-10
5.538360881018889e-10
5.538360881018889e-10
5.538360881018889e-10
5.538360881018889e-10
5.538360881018889e-10
5.538360881018889e-10
5.538360881018889e-10
5.543991932199788e-10
5.543991932199788e-10
5.543991932199788e-10
5.543991932199788e-10
5.543991932199788e-10
5.543991932199788e-10
5.543991932199788e-10
5.524967150449811e-10
5.524967150449811e-10
