12.057368192852449
8.608338192093543
4.182902549083313
0.15176654321996955
0.13740818802201116
0.25376192054503927
0.06070623739873183
0.07600169954373145
0.012901039748976616
0.005534425955669332
1.2527285046900919e-05
4.598591719182571e-07
8.808665774299645e-07
5.620626561171649e-07
4.57289850993336e-07
4.5728984363493913e-07
1.0319978206191317e-06
4.156290626383355e-07
4.964942168493875e-07
6.18384032835296e-07
7.203358548089761e-07
5.458632264677025e-07
5.458630223653449e-07
5.441825063309709e-07
5.441825063309709e-07
5.441825063309709e-07
5.441825063309709e-07
5.441825063309709e-07
5.441825063309709e-07
5.441825063309709e-07
5.441825063309709e-07
5.441825063309709e-07
5.441825063309709e-07
5.441825063309709e-07
5.441825063309709e-07
5.441825063309709e-07
5.441825063309709e-07
5.441825063309709e-07
5.441825063309709e-07
5.441825063309709e-07
5.441825063309709e-07
5.441825063309709e-07
5.441825063309709e-07
5.441825063309709e-07
5.441825063309709e-07
5.441825063309709e-07
5.441825063309709e-07
5.441825063309709e-07
5.441825063309709e-07
5.441825063309709e-07
5.441825063309709e-07
5.441825063309709e-07
5.441825063309709e-07
5.441825063309709e-07
5.441825063309709e-07
5.441825063309709e-07
5.441825063309709e-07
5.441825063309709e-07
5.441825063309709e-07
5.441825063309709e-07
5.441825063309709e-07
