95.52704151531118
91.57499467741324
86.87800951293697
83.99050904691305
82.2823496754343
78.2208174938278
38.76595537566137
26.38216057611662
14.671856227020879
0.3819759343441437
0.024554469998464667
0.0003947144922755171
0.00038873159697177693
0.0003873154533558141
0.00038669313149118076
0.0003866931314757688
0.0003815292327043609
0.0003807064162556341
0.0003713579735790943
0.00036926721831224133
0.0003673704786424772
0.0003670979159845873
0.000367097915466389
0.00036709368166143235
0.00036709368165987024
0.00036709368165751584
0.00036709368165751584
0.00036709368165751584
0.00036709368165751584
0.00036709368165751584
0.00036709368165751584
0.00036709368165751584
0.00036709368165751584
0.00036709368165751584
0.00036709368165751584
0.00036709368165751584
0.00036709368165751584
0.00036709368165751584
0.00036709368165751584
0.00036709368165751584
0.00036709368165751584
0.00036709368165751584
0.00036709368165751584
0.00036709368165751584
0.00036709368165751584
0.00036709368165751584
0.00036709368165751584
0.00036709368165751584
0.00036709368165751584
0.00036709368165751584
0.00036709368165751584
0.00036709368165751584
0.00036709368165751584
0.00036709368165751584
0.00036709368165751584
0.00036709368165751584
0.00036709368165751584
0.00036709368165751584
0.00036709368165751584
0.00036709368165751584
0.00036709368165751584
