10.832116603851318
16.646578311920166
22.923309564590454
29.727445363998413
36.773982524871826
44.50502157211304
52.75613737106323
61.98753213882446
71.52822804450989
92.30569195747375
115.92684888839722
126.8106997013092
137.6745572090149
148.8420090675354
162.0531985759735
173.79320311546326
186.908935546875
200.38176202774048
215.4342122077942
229.99339413642883
245.7431583404541
260.0246615409851
275.50664925575256
291.8783538341522
305.03374314308167
318.0646548271179
331.45375633239746
344.8400568962097
358.3404483795166
371.3737802505493
384.75561809539795
399.34898686408997
412.69330406188965
426.19196820259094
439.48798632621765
452.9490728378296
466.71847462654114
481.7279543876648
495.6458947658539
509.15479135513306
523.2273149490356
537.009393453598
550.8724052906036
564.6146016120911
578.4578030109406
593.9608767032623
607.8658423423767
621.9437017440796
636.0465788841248
649.8529891967773
663.9856493473053
677.8064367771149
693.156007528305
707.4597961902618
721.5287172794342
735.4367911815643
749.4500133991241
763.5343379974365
777.6704156398773
793.276383638382
807.6803562641144
